K=[ 1 0.4;
    0.5 2];

K=[2 1;
    0.6 1.5]

K.*(K^-1)'